[[  0.00047573   0.00047573   0.00430438   0.0147611   -0.00289718
    0.00164277   0.00054718   0.00053251  -0.00009334   0.00010867
    0.00003418  -0.00000419   0.00000565   0.00000722  -0.00000153
    0.00000065   0.00000036   0.00000017  -0.00000005   0.00000006
    0.           0.00000001   0.           0.           0.
   -0.           0.          -0.           0.          -0.
    0.           0.           0.          -0.          -0.        ]
 [ -0.21083602  -0.20840981  -0.20555544  -0.17327257  -0.01828098
   -0.05304711  -0.02840562  -0.0177356   -0.00415666  -0.00695686
   -0.00271855  -0.00097552  -0.00122688  -0.00080283  -0.00004457
   -0.00022859  -0.00013142  -0.0000621   -0.00001889  -0.00003261
   -0.00000854  -0.00000722  -0.00000309  -0.0000023   -0.00000069
   -0.00000023  -0.00000044   0.00000009  -0.00000026   0.0000001
   -0.00000008  -0.00000003  -0.00000001   0.00000002  -0.        ]
 [  4.82763462   4.11491671   3.28698621   2.33991619   1.66947876
    1.3841664    0.97690276   0.67698484   0.49090059   0.37976543
    0.25398519   0.19118609   0.14713819   0.09639555   0.06673648
    0.05580997   0.03780956   0.02523078   0.01834645   0.0131962
    0.00784708   0.00516867   0.0031066    0.00175947   0.0007139
    0.00034799   0.00001666  -0.00021054  -0.00035947  -0.00051801
   -0.00048447  -0.00066193  -0.00072482  -0.0006959   -0.00064036]
 [-85.4        -77.8        -70.4        -63.4        -56.7
  -50.5        -44.7        -39.4        -34.6        -30.2
  -26.2        -22.5        -19.1        -16.1        -13.4
  -10.9         -8.6         -6.6         -4.8         -3.2
   -1.9         -0.8          0.           0.6          1.
    1.2          1.3          1.2          1.           0.5
   -0.1         -1.1         -2.5         -4.3         -6.6       ]]
